96 48
3 6
3 3 3 3 3 3 3 3 3 3 3 3 3 3 3 3 3 3 3 3 3 3 3 3 3 3 3 3 3 3 3 3 3 3 3 3 3 3 3 3 3 3 3 3 3 3 3 3 3 3 3 3 3 3 3 3 3 3 3 3 3 3 3 3 3 3 3 3 3 3 3 3 3 3 3 3 3 3 3 3 3 3 3 3 3 3 3 3 3 3 3 3 3 3 3 3 
6 6 6 6 6 6 6 6 6 6 6 6 6 6 6 6 6 6 6 6 6 6 6 6 6 6 6 6 6 6 6 6 6 6 6 6 6 6 6 6 6 6 6 6 6 6 6 6 
47	4	21
33	38	31
11	1	33
3	48	37
42	9	36
17	22	7
48	15	13
40	28	47
22	42	5
28	33	30
27	18	19
2	34	10
38	41	27
18	7	32
16	32	45
26	24	1
25	16	22
35	25	34
37	2	11
21	3	39
34	21	28
12	13	6
1	39	38
9	8	12
44	12	48
29	14	9
31	29	26
5	46	14
36	6	24
46	23	3
45	30	4
24	11	8
23	10	42
7	35	43
32	19	41
19	20	25
15	47	46
39	31	2
13	43	20
43	40	15
8	5	35
4	26	44
6	37	17
10	45	18
20	27	29
30	17	16
41	36	23
14	44	40
7	31	42
25	23	21
22	34	41
42	3	19
40	35	27
21	19	17
4	8	28
35	45	31
2	28	32
37	30	9
38	40	30
34	36	13
33	46	10
32	12	40
18	41	11
17	1	2
45	39	29
9	48	4
47	11	34
19	29	24
44	17	5
15	2	3
16	21	33
11	20	44
20	9	47
23	47	38
24	16	12
41	24	37
39	5	43
6	43	23
31	10	16
48	33	35
28	18	48
8	42	18
36	32	8
14	6	25
29	15	36
46	38	26
5	4	6
27	44	22
26	22	45
43	27	1
10	25	39
12	14	7
13	7	46
30	13	14
3	26	20
1	37	15
23	96	3	64	16	90
12	57	19	70	38	64
4	95	20	52	30	70
42	55	1	87	31	66
28	87	41	77	9	69
43	78	29	84	22	87
34	49	14	93	6	92
41	82	24	55	32	83
24	66	5	73	26	58
44	91	33	79	12	61
3	72	32	67	19	63
22	92	25	62	24	75
39	93	22	94	7	60
48	84	26	92	28	94
37	70	7	85	40	96
15	71	17	75	46	79
6	64	46	69	43	54
14	63	11	81	44	82
36	68	35	54	11	52
45	73	36	72	39	95
20	54	21	71	1	50
9	51	6	89	17	88
33	74	30	50	47	78
32	75	16	76	29	68
17	50	18	91	36	84
16	89	42	95	27	86
11	88	45	90	13	53
10	81	8	57	21	55
26	85	27	68	45	65
46	94	31	58	10	59
27	79	38	49	2	56
35	62	15	83	14	57
2	61	10	80	3	71
21	60	12	51	18	67
18	56	34	53	41	80
29	83	47	60	5	85
19	58	43	96	4	76
13	59	2	86	23	74
38	77	23	65	20	91
8	53	40	59	48	62
47	76	13	63	35	51
5	52	9	82	33	49
40	90	39	78	34	77
25	69	48	88	42	72
31	65	44	56	15	89
30	86	28	61	37	93
1	67	37	74	8	73
7	80	4	66	25	81
