1440 720
6 7
3 3 3 3 3 3 3 3 3 3 3 3 3 3 3 3 3 3 3 3 3 3 3 3 3 3 3 3 3 3 3 3 3 3 3 3 3 3 3 3 3 3 3 3 3 3 3 3 3 3 3 3 3 3 3 3 3 3 3 3 3 3 3 3 3 3 3 3 3 3 3 3 3 3 3 3 3 3 3 3 3 3 3 3 3 3 3 3 3 3 3 3 3 3 3 3 3 3 3 3 3 3 3 3 3 3 3 3 3 3 3 3 3 3 3 3 3 3 3 3 6 6 6 6 6 6 6 6 6 6 6 6 6 6 6 6 6 6 6 6 6 6 6 6 6 6 6 6 6 6 6 6 6 6 6 6 6 6 6 6 6 6 6 6 6 6 6 6 6 6 6 6 6 6 6 6 6 6 6 6 3 3 3 3 3 3 3 3 3 3 3 3 3 3 3 3 3 3 3 3 3 3 3 3 3 3 3 3 3 3 3 3 3 3 3 3 3 3 3 3 3 3 3 3 3 3 3 3 3 3 3 3 3 3 3 3 3 3 3 3 3 3 3 3 3 3 3 3 3 3 3 3 3 3 3 3 3 3 3 3 3 3 3 3 3 3 3 3 3 3 3 3 3 3 3 3 3 3 3 3 3 3 3 3 3 3 3 3 3 3 3 3 3 3 3 3 3 3 3 3 6 6 6 6 6 6 6 6 6 6 6 6 6 6 6 6 6 6 6 6 6 6 6 6 6 6 6 6 6 6 6 6 6 6 6 6 6 6 6 6 6 6 6 6 6 6 6 6 6 6 6 6 6 6 6 6 6 6 6 6 3 3 3 3 3 3 3 3 3 3 3 3 3 3 3 3 3 3 3 3 3 3 3 3 3 3 3 3 3 3 3 3 3 3 3 3 3 3 3 3 3 3 3 3 3 3 3 3 3 3 3 3 3 3 3 3 3 3 3 3 6 6 6 6 6 6 6 6 6 6 6 6 6 6 6 6 6 6 6 6 6 6 6 6 6 6 6 6 6 6 6 6 6 6 6 6 6 6 6 6 6 6 6 6 6 6 6 6 6 6 6 6 6 6 6 6 6 6 6 6 3 3 3 3 3 3 3 3 3 3 3 3 3 3 3 3 3 3 3 3 3 3 3 3 3 3 3 3 3 3 3 3 3 3 3 3 3 3 3 3 3 3 3 3 3 3 3 3 3 3 3 3 3 3 3 3 3 3 3 3 6 6 6 6 6 6 6 6 6 6 6 6 6 6 6 6 6 6 6 6 6 6 6 6 6 6 6 6 6 6 6 6 6 6 6 6 6 6 6 6 6 6 6 6 6 6 6 6 6 6 6 6 6 6 6 6 6 6 6 6 3 3 3 3 3 3 3 3 3 3 3 3 3 3 3 3 3 3 3 3 3 3 3 3 3 3 3 3 3 3 3 3 3 3 3 3 3 3 3 3 3 3 3 3 3 3 3 3 3 3 3 3 3 3 3 3 3 3 3 3 6 6 6 6 6 6 6 6 6 6 6 6 6 6 6 6 6 6 6 6 6 6 6 6 6 6 6 6 6 6 6 6 6 6 6 6 6 6 6 6 6 6 6 6 6 6 6 6 6 6 6 6 6 6 6 6 6 6 6 6 3 3 3 3 3 3 3 3 3 3 3 3 3 3 3 3 3 3 3 3 3 3 3 3 3 3 3 3 3 3 3 3 3 3 3 3 3 3 3 3 3 3 3 3 3 3 3 3 3 3 3 3 3 3 3 3 3 3 3 3 2 2 2 2 2 2 2 2 2 2 2 2 2 2 2 2 2 2 2 2 2 2 2 2 2 2 2 2 2 2 2 2 2 2 2 2 2 2 2 2 2 2 2 2 2 2 2 2 2 2 2 2 2 2 2 2 2 2 2 2 2 2 2 2 2 2 2 2 2 2 2 2 2 2 2 2 2 2 2 2 2 2 2 2 2 2 2 2 2 2 2 2 2 2 2 2 2 2 2 2 2 2 2 2 2 2 2 2 2 2 2 2 2 2 2 2 2 2 2 2 2 2 2 2 2 2 2 2 2 2 2 2 2 2 2 2 2 2 2 2 2 2 2 2 2 2 2 2 2 2 2 2 2 2 2 2 2 2 2 2 2 2 2 2 2 2 2 2 2 2 2 2 2 2 2 2 2 2 2 2 2 2 2 2 2 2 2 2 2 2 2 2 2 2 2 2 2 2 2 2 2 2 2 2 2 2 2 2 2 2 2 2 2 2 2 2 2 2 2 2 2 2 2 2 2 2 2 2 2 2 2 2 2 2 2 2 2 2 2 2 2 2 2 2 2 2 2 2 2 2 2 2 2 2 2 2 2 2 2 2 2 2 2 2 2 2 2 2 2 2 2 2 2 2 2 2 2 2 2 2 2 2 2 2 2 2 2 2 2 2 2 2 2 2 2 2 2 2 2 2 2 2 2 2 2 2 2 2 2 2 2 2 2 2 2 2 2 2 2 2 2 2 2 2 2 2 2 2 2 2 2 2 2 2 2 2 2 2 2 2 2 2 2 2 2 2 2 2 2 2 2 2 2 2 2 2 2 2 2 2 2 2 2 2 2 2 2 2 2 2 2 2 2 2 2 2 2 2 2 2 2 2 2 2 2 2 2 2 2 2 2 2 2 2 2 2 2 2 2 2 2 2 2 2 2 2 2 2 2 2 2 2 2 2 2 2 2 2 2 2 2 2 2 2 2 2 2 2 2 2 2 2 2 2 2 2 2 2 2 2 2 2 2 2 2 2 2 2 2 2 2 2 2 2 2 2 2 2 2 2 2 2 2 2 2 2 2 2 2 2 2 2 2 2 2 2 2 2 2 2 2 2 2 2 2 2 2 2 2 2 2 2 2 2 2 2 2 2 2 2 2 2 2 2 2 2 2 2 2 2 2 2 2 2 2 2 2 2 2 2 2 2 2 2 2 2 2 2 2 2 2 2 2 2 2 2 2 2 2 2 2 2 2 2 2 2 2 2 2 2 2 2 2 2 2 2 2 2 2 2 2 2 2 2 2 2 2 2 2 2 2 2 2 2 2 2 2 2 2 2 2 2 2 2 2 2 2 2 2 2 2 2 2 2 2 2 2 2 2 2 2 2 2 2 2 2 2 2 2 2 2 2 2 2 2 2 2 2 2 2 2 2 2 2 2 2 2 2 2 2 2 2 2 2 2 2 2 2 2 2 2 2 2 2 2 2 2 2 2 2 2 2 2 2 2 2 2 2 2 2 
6 6 6 6 6 6 6 6 6 6 6 6 6 6 6 6 6 6 6 6 6 6 6 6 6 6 6 6 6 6 6 6 6 6 6 6 6 6 6 6 6 6 6 6 6 6 6 6 6 6 6 6 6 6 6 6 6 6 6 6 7 7 7 7 7 7 7 7 7 7 7 7 7 7 7 7 7 7 7 7 7 7 7 7 7 7 7 7 7 7 7 7 7 7 7 7 7 7 7 7 7 7 7 7 7 7 7 7 7 7 7 7 7 7 7 7 7 7 7 7 7 7 7 7 7 7 7 7 7 7 7 7 7 7 7 7 7 7 7 7 7 7 7 7 7 7 7 7 7 7 7 7 7 7 7 7 7 7 7 7 7 7 7 7 7 7 7 7 7 7 7 7 7 7 7 7 7 7 7 7 6 6 6 6 6 6 6 6 6 6 6 6 6 6 6 6 6 6 6 6 6 6 6 6 6 6 6 6 6 6 6 6 6 6 6 6 6 6 6 6 6 6 6 6 6 6 6 6 6 6 6 6 6 6 6 6 6 6 6 6 6 6 6 6 6 6 6 6 6 6 6 6 6 6 6 6 6 6 6 6 6 6 6 6 6 6 6 6 6 6 6 6 6 6 6 6 6 6 6 6 6 6 6 6 6 6 6 6 6 6 6 6 6 6 6 6 6 6 6 6 7 7 7 7 7 7 7 7 7 7 7 7 7 7 7 7 7 7 7 7 7 7 7 7 7 7 7 7 7 7 7 7 7 7 7 7 7 7 7 7 7 7 7 7 7 7 7 7 7 7 7 7 7 7 7 7 7 7 7 7 6 6 6 6 6 6 6 6 6 6 6 6 6 6 6 6 6 6 6 6 6 6 6 6 6 6 6 6 6 6 6 6 6 6 6 6 6 6 6 6 6 6 6 6 6 6 6 6 6 6 6 6 6 6 6 6 6 6 6 6 6 6 6 6 6 6 6 6 6 6 6 6 6 6 6 6 6 6 6 6 6 6 6 6 6 6 6 6 6 6 6 6 6 6 6 6 6 6 6 6 6 6 6 6 6 6 6 6 6 6 6 6 6 6 6 6 6 6 6 6 7 7 7 7 7 7 7 7 7 7 7 7 7 7 7 7 7 7 7 7 7 7 7 7 7 7 7 7 7 7 7 7 7 7 7 7 7 7 7 7 7 7 7 7 7 7 7 7 7 7 7 7 7 7 7 7 7 7 7 7 6 6 6 6 6 6 6 6 6 6 6 6 6 6 6 6 6 6 6 6 6 6 6 6 6 6 6 6 6 6 6 6 6 6 6 6 6 6 6 6 6 6 6 6 6 6 6 6 6 6 6 6 6 6 6 6 6 6 6 6 6 6 6 6 6 6 6 6 6 6 6 6 6 6 6 6 6 6 6 6 6 6 6 6 6 6 6 6 6 6 6 6 6 6 6 6 6 6 6 6 6 6 6 6 6 6 6 6 6 6 6 6 6 6 6 6 6 6 6 6 6 6 6 6 6 6 6 6 6 6 6 6 6 6 6 6 6 6 6 6 6 6 6 6 6 6 6 6 6 6 6 6 6 6 6 6 6 6 6 6 6 6 6 6 6 6 6 6 6 6 6 6 6 6 6 6 6 6 6 6 
203	534	695
204	535	696
205	536	697
206	537	698
207	538	699
208	539	700
209	540	701
210	481	702
211	482	703
212	483	704
213	484	705
214	485	706
215	486	707
216	487	708
217	488	709
218	489	710
219	490	711
220	491	712
221	492	713
222	493	714
223	494	715
224	495	716
225	496	717
226	497	718
227	498	719
228	499	720
229	500	661
230	501	662
231	502	663
232	503	664
233	504	665
234	505	666
235	506	667
236	507	668
237	508	669
238	509	670
239	510	671
240	511	672
181	512	673
182	513	674
183	514	675
184	515	676
185	516	677
186	517	678
187	518	679
188	519	680
189	520	681
190	521	682
191	522	683
192	523	684
193	524	685
194	525	686
195	526	687
196	527	688
197	528	689
198	529	690
199	530	691
200	531	692
201	532	693
202	533	694
3	105	475
4	106	476
5	107	477
6	108	478
7	109	479
8	110	480
9	111	421
10	112	422
11	113	423
12	114	424
13	115	425
14	116	426
15	117	427
16	118	428
17	119	429
18	120	430
19	61	431
20	62	432
21	63	433
22	64	434
23	65	435
24	66	436
25	67	437
26	68	438
27	69	439
28	70	440
29	71	441
30	72	442
31	73	443
32	74	444
33	75	445
34	76	446
35	77	447
36	78	448
37	79	449
38	80	450
39	81	451
40	82	452
41	83	453
42	84	454
43	85	455
44	86	456
45	87	457
46	88	458
47	89	459
48	90	460
49	91	461
50	92	462
51	93	463
52	94	464
53	95	465
54	96	466
55	97	467
56	98	468
57	99	469
58	100	470
59	101	471
60	102	472
1	103	473
2	104	474
16	212	277	362	436	657
17	213	278	363	437	658
18	214	279	364	438	659
19	215	280	365	439	660
20	216	281	366	440	601
21	217	282	367	441	602
22	218	283	368	442	603
23	219	284	369	443	604
24	220	285	370	444	605
25	221	286	371	445	606
26	222	287	372	446	607
27	223	288	373	447	608
28	224	289	374	448	609
29	225	290	375	449	610
30	226	291	376	450	611
31	227	292	377	451	612
32	228	293	378	452	613
33	229	294	379	453	614
34	230	295	380	454	615
35	231	296	381	455	616
36	232	297	382	456	617
37	233	298	383	457	618
38	234	299	384	458	619
39	235	300	385	459	620
40	236	241	386	460	621
41	237	242	387	461	622
42	238	243	388	462	623
43	239	244	389	463	624
44	240	245	390	464	625
45	181	246	391	465	626
46	182	247	392	466	627
47	183	248	393	467	628
48	184	249	394	468	629
49	185	250	395	469	630
50	186	251	396	470	631
51	187	252	397	471	632
52	188	253	398	472	633
53	189	254	399	473	634
54	190	255	400	474	635
55	191	256	401	475	636
56	192	257	402	476	637
57	193	258	403	477	638
58	194	259	404	478	639
59	195	260	405	479	640
60	196	261	406	480	641
1	197	262	407	421	642
2	198	263	408	422	643
3	199	264	409	423	644
4	200	265	410	424	645
5	201	266	411	425	646
6	202	267	412	426	647
7	203	268	413	427	648
8	204	269	414	428	649
9	205	270	415	429	650
10	206	271	416	430	651
11	207	272	417	431	652
12	208	273	418	432	653
13	209	274	419	433	654
14	210	275	420	434	655
15	211	276	361	435	656
166	388	621
167	389	622
168	390	623
169	391	624
170	392	625
171	393	626
172	394	627
173	395	628
174	396	629
175	397	630
176	398	631
177	399	632
178	400	633
179	401	634
180	402	635
121	403	636
122	404	637
123	405	638
124	406	639
125	407	640
126	408	641
127	409	642
128	410	643
129	411	644
130	412	645
131	413	646
132	414	647
133	415	648
134	416	649
135	417	650
136	418	651
137	419	652
138	420	653
139	361	654
140	362	655
141	363	656
142	364	657
143	365	658
144	366	659
145	367	660
146	368	601
147	369	602
148	370	603
149	371	604
150	372	605
151	373	606
152	374	607
153	375	608
154	376	609
155	377	610
156	378	611
157	379	612
158	380	613
159	381	614
160	382	615
161	383	616
162	384	617
163	385	618
164	386	619
165	387	620
168	333	490
169	334	491
170	335	492
171	336	493
172	337	494
173	338	495
174	339	496
175	340	497
176	341	498
177	342	499
178	343	500
179	344	501
180	345	502
121	346	503
122	347	504
123	348	505
124	349	506
125	350	507
126	351	508
127	352	509
128	353	510
129	354	511
130	355	512
131	356	513
132	357	514
133	358	515
134	359	516
135	360	517
136	301	518
137	302	519
138	303	520
139	304	521
140	305	522
141	306	523
142	307	524
143	308	525
144	309	526
145	310	527
146	311	528
147	312	529
148	313	530
149	314	531
150	315	532
151	316	533
152	317	534
153	318	535
154	319	536
155	320	537
156	321	538
157	322	539
158	323	540
159	324	481
160	325	482
161	326	483
162	327	484
163	328	485
164	329	486
165	330	487
166	331	488
167	332	489
108	131	336	526	543	680
109	132	337	527	544	681
110	133	338	528	545	682
111	134	339	529	546	683
112	135	340	530	547	684
113	136	341	531	548	685
114	137	342	532	549	686
115	138	343	533	550	687
116	139	344	534	551	688
117	140	345	535	552	689
118	141	346	536	553	690
119	142	347	537	554	691
120	143	348	538	555	692
61	144	349	539	556	693
62	145	350	540	557	694
63	146	351	481	558	695
64	147	352	482	559	696
65	148	353	483	560	697
66	149	354	484	561	698
67	150	355	485	562	699
68	151	356	486	563	700
69	152	357	487	564	701
70	153	358	488	565	702
71	154	359	489	566	703
72	155	360	490	567	704
73	156	301	491	568	705
74	157	302	492	569	706
75	158	303	493	570	707
76	159	304	494	571	708
77	160	305	495	572	709
78	161	306	496	573	710
79	162	307	497	574	711
80	163	308	498	575	712
81	164	309	499	576	713
82	165	310	500	577	714
83	166	311	501	578	715
84	167	312	502	579	716
85	168	313	503	580	717
86	169	314	504	581	718
87	170	315	505	582	719
88	171	316	506	583	720
89	172	317	507	584	661
90	173	318	508	585	662
91	174	319	509	586	663
92	175	320	510	587	664
93	176	321	511	588	665
94	177	322	512	589	666
95	178	323	513	590	667
96	179	324	514	591	668
97	180	325	515	592	669
98	121	326	516	593	670
99	122	327	517	594	671
100	123	328	518	595	672
101	124	329	519	596	673
102	125	330	520	597	674
103	126	331	521	598	675
104	127	332	522	599	676
105	128	333	523	600	677
106	129	334	524	541	678
107	130	335	525	542	679
72	249	480
73	250	421
74	251	422
75	252	423
76	253	424
77	254	425
78	255	426
79	256	427
80	257	428
81	258	429
82	259	430
83	260	431
84	261	432
85	262	433
86	263	434
87	264	435
88	265	436
89	266	437
90	267	438
91	268	439
92	269	440
93	270	441
94	271	442
95	272	443
96	273	444
97	274	445
98	275	446
99	276	447
100	277	448
101	278	449
102	279	450
103	280	451
104	281	452
105	282	453
106	283	454
107	284	455
108	285	456
109	286	457
110	287	458
111	288	459
112	289	460
113	290	461
114	291	462
115	292	463
116	293	464
117	294	465
118	295	466
119	296	467
120	297	468
61	298	469
62	299	470
63	300	471
64	241	472
65	242	473
66	243	474
67	244	475
68	245	476
69	246	477
70	247	478
71	248	479
116	161	310	515	565	696
117	162	311	516	566	697
118	163	312	517	567	698
119	164	313	518	568	699
120	165	314	519	569	700
61	166	315	520	570	701
62	167	316	521	571	702
63	168	317	522	572	703
64	169	318	523	573	704
65	170	319	524	574	705
66	171	320	525	575	706
67	172	321	526	576	707
68	173	322	527	577	708
69	174	323	528	578	709
70	175	324	529	579	710
71	176	325	530	580	711
72	177	326	531	581	712
73	178	327	532	582	713
74	179	328	533	583	714
75	180	329	534	584	715
76	121	330	535	585	716
77	122	331	536	586	717
78	123	332	537	587	718
79	124	333	538	588	719
80	125	334	539	589	720
81	126	335	540	590	661
82	127	336	481	591	662
83	128	337	482	592	663
84	129	338	483	593	664
85	130	339	484	594	665
86	131	340	485	595	666
87	132	341	486	596	667
88	133	342	487	597	668
89	134	343	488	598	669
90	135	344	489	599	670
91	136	345	490	600	671
92	137	346	491	541	672
93	138	347	492	542	673
94	139	348	493	543	674
95	140	349	494	544	675
96	141	350	495	545	676
97	142	351	496	546	677
98	143	352	497	547	678
99	144	353	498	548	679
100	145	354	499	549	680
101	146	355	500	550	681
102	147	356	501	551	682
103	148	357	502	552	683
104	149	358	503	553	684
105	150	359	504	554	685
106	151	360	505	555	686
107	152	301	506	556	687
108	153	302	507	557	688
109	154	303	508	558	689
110	155	304	509	559	690
111	156	305	510	560	691
112	157	306	511	561	692
113	158	307	512	562	693
114	159	308	513	563	694
115	160	309	514	564	695
27	201	637
28	202	638
29	203	639
30	204	640
31	205	641
32	206	642
33	207	643
34	208	644
35	209	645
36	210	646
37	211	647
38	212	648
39	213	649
40	214	650
41	215	651
42	216	652
43	217	653
44	218	654
45	219	655
46	220	656
47	221	657
48	222	658
49	223	659
50	224	660
51	225	601
52	226	602
53	227	603
54	228	604
55	229	605
56	230	606
57	231	607
58	232	608
59	233	609
60	234	610
1	235	611
2	236	612
3	237	613
4	238	614
5	239	615
6	240	616
7	181	617
8	182	618
9	183	619
10	184	620
11	185	621
12	186	622
13	187	623
14	188	624
15	189	625
16	190	626
17	191	627
18	192	628
19	193	629
20	194	630
21	195	631
22	196	632
23	197	633
24	198	634
25	199	635
26	200	636
10	226	276	413	452	631
11	227	277	414	453	632
12	228	278	415	454	633
13	229	279	416	455	634
14	230	280	417	456	635
15	231	281	418	457	636
16	232	282	419	458	637
17	233	283	420	459	638
18	234	284	361	460	639
19	235	285	362	461	640
20	236	286	363	462	641
21	237	287	364	463	642
22	238	288	365	464	643
23	239	289	366	465	644
24	240	290	367	466	645
25	181	291	368	467	646
26	182	292	369	468	647
27	183	293	370	469	648
28	184	294	371	470	649
29	185	295	372	471	650
30	186	296	373	472	651
31	187	297	374	473	652
32	188	298	375	474	653
33	189	299	376	475	654
34	190	300	377	476	655
35	191	241	378	477	656
36	192	242	379	478	657
37	193	243	380	479	658
38	194	244	381	480	659
39	195	245	382	421	660
40	196	246	383	422	601
41	197	247	384	423	602
42	198	248	385	424	603
43	199	249	386	425	604
44	200	250	387	426	605
45	201	251	388	427	606
46	202	252	389	428	607
47	203	253	390	429	608
48	204	254	391	430	609
49	205	255	392	431	610
50	206	256	393	432	611
51	207	257	394	433	612
52	208	258	395	434	613
53	209	259	396	435	614
54	210	260	397	436	615
55	211	261	398	437	616
56	212	262	399	438	617
57	213	263	400	439	618
58	214	264	401	440	619
59	215	265	402	441	620
60	216	266	403	442	621
1	217	267	404	443	622
2	218	268	405	444	623
3	219	269	406	445	624
4	220	270	407	446	625
5	221	271	408	447	626
6	222	272	409	448	627
7	223	273	410	449	628
8	224	274	411	450	629
9	225	275	412	451	630
256	410	558
257	411	559
258	412	560
259	413	561
260	414	562
261	415	563
262	416	564
263	417	565
264	418	566
265	419	567
266	420	568
267	361	569
268	362	570
269	363	571
270	364	572
271	365	573
272	366	574
273	367	575
274	368	576
275	369	577
276	370	578
277	371	579
278	372	580
279	373	581
280	374	582
281	375	583
282	376	584
283	377	585
284	378	586
285	379	587
286	380	588
287	381	589
288	382	590
289	383	591
290	384	592
291	385	593
292	386	594
293	387	595
294	388	596
295	389	597
296	390	598
297	391	599
298	392	600
299	393	541
300	394	542
241	395	543
242	396	544
243	397	545
244	398	546
245	399	547
246	400	548
247	401	549
248	402	550
249	403	551
250	404	552
251	405	553
252	406	554
253	407	555
254	408	556
255	409	557
114	121	312	510	556	705
115	122	313	511	557	706
116	123	314	512	558	707
117	124	315	513	559	708
118	125	316	514	560	709
119	126	317	515	561	710
120	127	318	516	562	711
61	128	319	517	563	712
62	129	320	518	564	713
63	130	321	519	565	714
64	131	322	520	566	715
65	132	323	521	567	716
66	133	324	522	568	717
67	134	325	523	569	718
68	135	326	524	570	719
69	136	327	525	571	720
70	137	328	526	572	661
71	138	329	527	573	662
72	139	330	528	574	663
73	140	331	529	575	664
74	141	332	530	576	665
75	142	333	531	577	666
76	143	334	532	578	667
77	144	335	533	579	668
78	145	336	534	580	669
79	146	337	535	581	670
80	147	338	536	582	671
81	148	339	537	583	672
82	149	340	538	584	673
83	150	341	539	585	674
84	151	342	540	586	675
85	152	343	481	587	676
86	153	344	482	588	677
87	154	345	483	589	678
88	155	346	484	590	679
89	156	347	485	591	680
90	157	348	486	592	681
91	158	349	487	593	682
92	159	350	488	594	683
93	160	351	489	595	684
94	161	352	490	596	685
95	162	353	491	597	686
96	163	354	492	598	687
97	164	355	493	599	688
98	165	356	494	600	689
99	166	357	495	541	690
100	167	358	496	542	691
101	168	359	497	543	692
102	169	360	498	544	693
103	170	301	499	545	694
104	171	302	500	546	695
105	172	303	501	547	696
106	173	304	502	548	697
107	174	305	503	549	698
108	175	306	504	550	699
109	176	307	505	551	700
110	177	308	506	552	701
111	178	309	507	553	702
112	179	310	508	554	703
113	180	311	509	555	704
57	301	717
58	302	718
59	303	719
60	304	720
1	305	661
2	306	662
3	307	663
4	308	664
5	309	665
6	310	666
7	311	667
8	312	668
9	313	669
10	314	670
11	315	671
12	316	672
13	317	673
14	318	674
15	319	675
16	320	676
17	321	677
18	322	678
19	323	679
20	324	680
21	325	681
22	326	682
23	327	683
24	328	684
25	329	685
26	330	686
27	331	687
28	332	688
29	333	689
30	334	690
31	335	691
32	336	692
33	337	693
34	338	694
35	339	695
36	340	696
37	341	697
38	342	698
39	343	699
40	344	700
41	345	701
42	346	702
43	347	703
44	348	704
45	349	705
46	350	706
47	351	707
48	352	708
49	353	709
50	354	710
51	355	711
52	356	712
53	357	713
54	358	714
55	359	715
56	360	716
1	61
2	62
3	63
4	64
5	65
6	66
7	67
8	68
9	69
10	70
11	71
12	72
13	73
14	74
15	75
16	76
17	77
18	78
19	79
20	80
21	81
22	82
23	83
24	84
25	85
26	86
27	87
28	88
29	89
30	90
31	91
32	92
33	93
34	94
35	95
36	96
37	97
38	98
39	99
40	100
41	101
42	102
43	103
44	104
45	105
46	106
47	107
48	108
49	109
50	110
51	111
52	112
53	113
54	114
55	115
56	116
57	117
58	118
59	119
60	120
61	121
62	122
63	123
64	124
65	125
66	126
67	127
68	128
69	129
70	130
71	131
72	132
73	133
74	134
75	135
76	136
77	137
78	138
79	139
80	140
81	141
82	142
83	143
84	144
85	145
86	146
87	147
88	148
89	149
90	150
91	151
92	152
93	153
94	154
95	155
96	156
97	157
98	158
99	159
100	160
101	161
102	162
103	163
104	164
105	165
106	166
107	167
108	168
109	169
110	170
111	171
112	172
113	173
114	174
115	175
116	176
117	177
118	178
119	179
120	180
121	181
122	182
123	183
124	184
125	185
126	186
127	187
128	188
129	189
130	190
131	191
132	192
133	193
134	194
135	195
136	196
137	197
138	198
139	199
140	200
141	201
142	202
143	203
144	204
145	205
146	206
147	207
148	208
149	209
150	210
151	211
152	212
153	213
154	214
155	215
156	216
157	217
158	218
159	219
160	220
161	221
162	222
163	223
164	224
165	225
166	226
167	227
168	228
169	229
170	230
171	231
172	232
173	233
174	234
175	235
176	236
177	237
178	238
179	239
180	240
181	241
182	242
183	243
184	244
185	245
186	246
187	247
188	248
189	249
190	250
191	251
192	252
193	253
194	254
195	255
196	256
197	257
198	258
199	259
200	260
201	261
202	262
203	263
204	264
205	265
206	266
207	267
208	268
209	269
210	270
211	271
212	272
213	273
214	274
215	275
216	276
217	277
218	278
219	279
220	280
221	281
222	282
223	283
224	284
225	285
226	286
227	287
228	288
229	289
230	290
231	291
232	292
233	293
234	294
235	295
236	296
237	297
238	298
239	299
240	300
241	301
242	302
243	303
244	304
245	305
246	306
247	307
248	308
249	309
250	310
251	311
252	312
253	313
254	314
255	315
256	316
257	317
258	318
259	319
260	320
261	321
262	322
263	323
264	324
265	325
266	326
267	327
268	328
269	329
270	330
271	331
272	332
273	333
274	334
275	335
276	336
277	337
278	338
279	339
280	340
281	341
282	342
283	343
284	344
285	345
286	346
287	347
288	348
289	349
290	350
291	351
292	352
293	353
294	354
295	355
296	356
297	357
298	358
299	359
300	360
301	361
302	362
303	363
304	364
305	365
306	366
307	367
308	368
309	369
310	370
311	371
312	372
313	373
314	374
315	375
316	376
317	377
318	378
319	379
320	380
321	381
322	382
323	383
324	384
325	385
326	386
327	387
328	388
329	389
330	390
331	391
332	392
333	393
334	394
335	395
336	396
337	397
338	398
339	399
340	400
341	401
342	402
343	403
344	404
345	405
346	406
347	407
348	408
349	409
350	410
351	411
352	412
353	413
354	414
355	415
356	416
357	417
358	418
359	419
360	420
361	421
362	422
363	423
364	424
365	425
366	426
367	427
368	428
369	429
370	430
371	431
372	432
373	433
374	434
375	435
376	436
377	437
378	438
379	439
380	440
381	441
382	442
383	443
384	444
385	445
386	446
387	447
388	448
389	449
390	450
391	451
392	452
393	453
394	454
395	455
396	456
397	457
398	458
399	459
400	460
401	461
402	462
403	463
404	464
405	465
406	466
407	467
408	468
409	469
410	470
411	471
412	472
413	473
414	474
415	475
416	476
417	477
418	478
419	479
420	480
421	481
422	482
423	483
424	484
425	485
426	486
427	487
428	488
429	489
430	490
431	491
432	492
433	493
434	494
435	495
436	496
437	497
438	498
439	499
440	500
441	501
442	502
443	503
444	504
445	505
446	506
447	507
448	508
449	509
450	510
451	511
452	512
453	513
454	514
455	515
456	516
457	517
458	518
459	519
460	520
461	521
462	522
463	523
464	524
465	525
466	526
467	527
468	528
469	529
470	530
471	531
472	532
473	533
474	534
475	535
476	536
477	537
478	538
479	539
480	540
481	541
482	542
483	543
484	544
485	545
486	546
487	547
488	548
489	549
490	550
491	551
492	552
493	553
494	554
495	555
496	556
497	557
498	558
499	559
500	560
501	561
502	562
503	563
504	564
505	565
506	566
507	567
508	568
509	569
510	570
511	571
512	572
513	573
514	574
515	575
516	576
517	577
518	578
519	579
520	580
521	581
522	582
523	583
524	584
525	585
526	586
527	587
528	588
529	589
530	590
531	591
532	592
533	593
534	594
535	595
536	596
537	597
538	598
539	599
540	600
541	601
542	602
543	603
544	604
545	605
546	606
547	607
548	608
549	609
550	610
551	611
552	612
553	613
554	614
555	615
556	616
557	617
558	618
559	619
560	620
561	621
562	622
563	623
564	624
565	625
566	626
567	627
568	628
569	629
570	630
571	631
572	632
573	633
574	634
575	635
576	636
577	637
578	638
579	639
580	640
581	641
582	642
583	643
584	644
585	645
586	646
587	647
588	648
589	649
590	650
591	651
592	652
593	653
594	654
595	655
596	656
597	657
598	658
599	659
600	660
601	661
602	662
603	663
604	664
605	665
606	666
607	667
608	668
609	669
610	670
611	671
612	672
613	673
614	674
615	675
616	676
617	677
618	678
619	679
620	680
621	681
622	682
623	683
624	684
625	685
626	686
627	687
628	688
629	689
630	690
631	691
632	692
633	693
634	694
635	695
636	696
637	697
638	698
639	699
640	700
641	701
642	702
643	703
644	704
645	705
646	706
647	707
648	708
649	709
650	710
651	711
652	712
653	713
654	714
655	715
656	716
657	717
658	718
659	719
660	720
119	166	515	592	725	781
120	167	516	593	726	782
61	168	517	594	727	783
62	169	518	595	728	784
63	170	519	596	729	785
64	171	520	597	730	786
65	172	521	598	731	787
66	173	522	599	732	788
67	174	523	600	733	789
68	175	524	541	734	790
69	176	525	542	735	791
70	177	526	543	736	792
71	178	527	544	737	793
72	179	528	545	738	794
73	180	529	546	739	795
74	121	530	547	740	796
75	122	531	548	741	797
76	123	532	549	742	798
77	124	533	550	743	799
78	125	534	551	744	800
79	126	535	552	745	801
80	127	536	553	746	802
81	128	537	554	747	803
82	129	538	555	748	804
83	130	539	556	749	805
84	131	540	557	750	806
85	132	481	558	751	807
86	133	482	559	752	808
87	134	483	560	753	809
88	135	484	561	754	810
89	136	485	562	755	811
90	137	486	563	756	812
91	138	487	564	757	813
92	139	488	565	758	814
93	140	489	566	759	815
94	141	490	567	760	816
95	142	491	568	761	817
96	143	492	569	762	818
97	144	493	570	763	819
98	145	494	571	764	820
99	146	495	572	765	821
100	147	496	573	766	822
101	148	497	574	767	823
102	149	498	575	768	824
103	150	499	576	769	825
104	151	500	577	770	826
105	152	501	578	771	827
106	153	502	579	772	828
107	154	503	580	773	829
108	155	504	581	774	830
109	156	505	582	775	831
110	157	506	583	776	832
111	158	507	584	777	833
112	159	508	585	778	834
113	160	509	586	779	835
114	161	510	587	780	836
115	162	511	588	721	837
116	163	512	589	722	838
117	164	513	590	723	839
118	165	514	591	724	840
77	314	410	426	668	781	841
78	315	411	427	669	782	842
79	316	412	428	670	783	843
80	317	413	429	671	784	844
81	318	414	430	672	785	845
82	319	415	431	673	786	846
83	320	416	432	674	787	847
84	321	417	433	675	788	848
85	322	418	434	676	789	849
86	323	419	435	677	790	850
87	324	420	436	678	791	851
88	325	361	437	679	792	852
89	326	362	438	680	793	853
90	327	363	439	681	794	854
91	328	364	440	682	795	855
92	329	365	441	683	796	856
93	330	366	442	684	797	857
94	331	367	443	685	798	858
95	332	368	444	686	799	859
96	333	369	445	687	800	860
97	334	370	446	688	801	861
98	335	371	447	689	802	862
99	336	372	448	690	803	863
100	337	373	449	691	804	864
101	338	374	450	692	805	865
102	339	375	451	693	806	866
103	340	376	452	694	807	867
104	341	377	453	695	808	868
105	342	378	454	696	809	869
106	343	379	455	697	810	870
107	344	380	456	698	811	871
108	345	381	457	699	812	872
109	346	382	458	700	813	873
110	347	383	459	701	814	874
111	348	384	460	702	815	875
112	349	385	461	703	816	876
113	350	386	462	704	817	877
114	351	387	463	705	818	878
115	352	388	464	706	819	879
116	353	389	465	707	820	880
117	354	390	466	708	821	881
118	355	391	467	709	822	882
119	356	392	468	710	823	883
120	357	393	469	711	824	884
61	358	394	470	712	825	885
62	359	395	471	713	826	886
63	360	396	472	714	827	887
64	301	397	473	715	828	888
65	302	398	474	716	829	889
66	303	399	475	717	830	890
67	304	400	476	718	831	891
68	305	401	477	719	832	892
69	306	402	478	720	833	893
70	307	403	479	661	834	894
71	308	404	480	662	835	895
72	309	405	421	663	836	896
73	310	406	422	664	837	897
74	311	407	423	665	838	898
75	312	408	424	666	839	899
76	313	409	425	667	840	900
196	254	351	441	661	841	901
197	255	352	442	662	842	902
198	256	353	443	663	843	903
199	257	354	444	664	844	904
200	258	355	445	665	845	905
201	259	356	446	666	846	906
202	260	357	447	667	847	907
203	261	358	448	668	848	908
204	262	359	449	669	849	909
205	263	360	450	670	850	910
206	264	301	451	671	851	911
207	265	302	452	672	852	912
208	266	303	453	673	853	913
209	267	304	454	674	854	914
210	268	305	455	675	855	915
211	269	306	456	676	856	916
212	270	307	457	677	857	917
213	271	308	458	678	858	918
214	272	309	459	679	859	919
215	273	310	460	680	860	920
216	274	311	461	681	861	921
217	275	312	462	682	862	922
218	276	313	463	683	863	923
219	277	314	464	684	864	924
220	278	315	465	685	865	925
221	279	316	466	686	866	926
222	280	317	467	687	867	927
223	281	318	468	688	868	928
224	282	319	469	689	869	929
225	283	320	470	690	870	930
226	284	321	471	691	871	931
227	285	322	472	692	872	932
228	286	323	473	693	873	933
229	287	324	474	694	874	934
230	288	325	475	695	875	935
231	289	326	476	696	876	936
232	290	327	477	697	877	937
233	291	328	478	698	878	938
234	292	329	479	699	879	939
235	293	330	480	700	880	940
236	294	331	421	701	881	941
237	295	332	422	702	882	942
238	296	333	423	703	883	943
239	297	334	424	704	884	944
240	298	335	425	705	885	945
181	299	336	426	706	886	946
182	300	337	427	707	887	947
183	241	338	428	708	888	948
184	242	339	429	709	889	949
185	243	340	430	710	890	950
186	244	341	431	711	891	951
187	245	342	432	712	892	952
188	246	343	433	713	893	953
189	247	344	434	714	894	954
190	248	345	435	715	895	955
191	249	346	436	716	896	956
192	250	347	437	717	897	957
193	251	348	438	718	898	958
194	252	349	439	719	899	959
195	253	350	440	720	900	960
39	150	521	556	901	961
40	151	522	557	902	962
41	152	523	558	903	963
42	153	524	559	904	964
43	154	525	560	905	965
44	155	526	561	906	966
45	156	527	562	907	967
46	157	528	563	908	968
47	158	529	564	909	969
48	159	530	565	910	970
49	160	531	566	911	971
50	161	532	567	912	972
51	162	533	568	913	973
52	163	534	569	914	974
53	164	535	570	915	975
54	165	536	571	916	976
55	166	537	572	917	977
56	167	538	573	918	978
57	168	539	574	919	979
58	169	540	575	920	980
59	170	481	576	921	981
60	171	482	577	922	982
1	172	483	578	923	983
2	173	484	579	924	984
3	174	485	580	925	985
4	175	486	581	926	986
5	176	487	582	927	987
6	177	488	583	928	988
7	178	489	584	929	989
8	179	490	585	930	990
9	180	491	586	931	991
10	121	492	587	932	992
11	122	493	588	933	993
12	123	494	589	934	994
13	124	495	590	935	995
14	125	496	591	936	996
15	126	497	592	937	997
16	127	498	593	938	998
17	128	499	594	939	999
18	129	500	595	940	1000
19	130	501	596	941	1001
20	131	502	597	942	1002
21	132	503	598	943	1003
22	133	504	599	944	1004
23	134	505	600	945	1005
24	135	506	541	946	1006
25	136	507	542	947	1007
26	137	508	543	948	1008
27	138	509	544	949	1009
28	139	510	545	950	1010
29	140	511	546	951	1011
30	141	512	547	952	1012
31	142	513	548	953	1013
32	143	514	549	954	1014
33	144	515	550	955	1015
34	145	516	551	956	1016
35	146	517	552	957	1017
36	147	518	553	958	1018
37	148	519	554	959	1019
38	149	520	555	960	1020
145	413	566	646	961	1021
146	414	567	647	962	1022
147	415	568	648	963	1023
148	416	569	649	964	1024
149	417	570	650	965	1025
150	418	571	651	966	1026
151	419	572	652	967	1027
152	420	573	653	968	1028
153	361	574	654	969	1029
154	362	575	655	970	1030
155	363	576	656	971	1031
156	364	577	657	972	1032
157	365	578	658	973	1033
158	366	579	659	974	1034
159	367	580	660	975	1035
160	368	581	601	976	1036
161	369	582	602	977	1037
162	370	583	603	978	1038
163	371	584	604	979	1039
164	372	585	605	980	1040
165	373	586	606	981	1041
166	374	587	607	982	1042
167	375	588	608	983	1043
168	376	589	609	984	1044
169	377	590	610	985	1045
170	378	591	611	986	1046
171	379	592	612	987	1047
172	380	593	613	988	1048
173	381	594	614	989	1049
174	382	595	615	990	1050
175	383	596	616	991	1051
176	384	597	617	992	1052
177	385	598	618	993	1053
178	386	599	619	994	1054
179	387	600	620	995	1055
180	388	541	621	996	1056
121	389	542	622	997	1057
122	390	543	623	998	1058
123	391	544	624	999	1059
124	392	545	625	1000	1060
125	393	546	626	1001	1061
126	394	547	627	1002	1062
127	395	548	628	1003	1063
128	396	549	629	1004	1064
129	397	550	630	1005	1065
130	398	551	631	1006	1066
131	399	552	632	1007	1067
132	400	553	633	1008	1068
133	401	554	634	1009	1069
134	402	555	635	1010	1070
135	403	556	636	1011	1071
136	404	557	637	1012	1072
137	405	558	638	1013	1073
138	406	559	639	1014	1074
139	407	560	640	1015	1075
140	408	561	641	1016	1076
141	409	562	642	1017	1077
142	410	563	643	1018	1078
143	411	564	644	1019	1079
144	412	565	645	1020	1080
269	326	472	710	721	1021	1081
270	327	473	711	722	1022	1082
271	328	474	712	723	1023	1083
272	329	475	713	724	1024	1084
273	330	476	714	725	1025	1085
274	331	477	715	726	1026	1086
275	332	478	716	727	1027	1087
276	333	479	717	728	1028	1088
277	334	480	718	729	1029	1089
278	335	421	719	730	1030	1090
279	336	422	720	731	1031	1091
280	337	423	661	732	1032	1092
281	338	424	662	733	1033	1093
282	339	425	663	734	1034	1094
283	340	426	664	735	1035	1095
284	341	427	665	736	1036	1096
285	342	428	666	737	1037	1097
286	343	429	667	738	1038	1098
287	344	430	668	739	1039	1099
288	345	431	669	740	1040	1100
289	346	432	670	741	1041	1101
290	347	433	671	742	1042	1102
291	348	434	672	743	1043	1103
292	349	435	673	744	1044	1104
293	350	436	674	745	1045	1105
294	351	437	675	746	1046	1106
295	352	438	676	747	1047	1107
296	353	439	677	748	1048	1108
297	354	440	678	749	1049	1109
298	355	441	679	750	1050	1110
299	356	442	680	751	1051	1111
300	357	443	681	752	1052	1112
241	358	444	682	753	1053	1113
242	359	445	683	754	1054	1114
243	360	446	684	755	1055	1115
244	301	447	685	756	1056	1116
245	302	448	686	757	1057	1117
246	303	449	687	758	1058	1118
247	304	450	688	759	1059	1119
248	305	451	689	760	1060	1120
249	306	452	690	761	1061	1121
250	307	453	691	762	1062	1122
251	308	454	692	763	1063	1123
252	309	455	693	764	1064	1124
253	310	456	694	765	1065	1125
254	311	457	695	766	1066	1126
255	312	458	696	767	1067	1127
256	313	459	697	768	1068	1128
257	314	460	698	769	1069	1129
258	315	461	699	770	1070	1130
259	316	462	700	771	1071	1131
260	317	463	701	772	1072	1132
261	318	464	702	773	1073	1133
262	319	465	703	774	1074	1134
263	320	466	704	775	1075	1135
264	321	467	705	776	1076	1136
265	322	468	706	777	1077	1137
266	323	469	707	778	1078	1138
267	324	470	708	779	1079	1139
268	325	471	709	780	1080	1140
180	214	549	612	1081	1141
121	215	550	613	1082	1142
122	216	551	614	1083	1143
123	217	552	615	1084	1144
124	218	553	616	1085	1145
125	219	554	617	1086	1146
126	220	555	618	1087	1147
127	221	556	619	1088	1148
128	222	557	620	1089	1149
129	223	558	621	1090	1150
130	224	559	622	1091	1151
131	225	560	623	1092	1152
132	226	561	624	1093	1153
133	227	562	625	1094	1154
134	228	563	626	1095	1155
135	229	564	627	1096	1156
136	230	565	628	1097	1157
137	231	566	629	1098	1158
138	232	567	630	1099	1159
139	233	568	631	1100	1160
140	234	569	632	1101	1161
141	235	570	633	1102	1162
142	236	571	634	1103	1163
143	237	572	635	1104	1164
144	238	573	636	1105	1165
145	239	574	637	1106	1166
146	240	575	638	1107	1167
147	181	576	639	1108	1168
148	182	577	640	1109	1169
149	183	578	641	1110	1170
150	184	579	642	1111	1171
151	185	580	643	1112	1172
152	186	581	644	1113	1173
153	187	582	645	1114	1174
154	188	583	646	1115	1175
155	189	584	647	1116	1176
156	190	585	648	1117	1177
157	191	586	649	1118	1178
158	192	587	650	1119	1179
159	193	588	651	1120	1180
160	194	589	652	1121	1181
161	195	590	653	1122	1182
162	196	591	654	1123	1183
163	197	592	655	1124	1184
164	198	593	656	1125	1185
165	199	594	657	1126	1186
166	200	595	658	1127	1187
167	201	596	659	1128	1188
168	202	597	660	1129	1189
169	203	598	601	1130	1190
170	204	599	602	1131	1191
171	205	600	603	1132	1192
172	206	541	604	1133	1193
173	207	542	605	1134	1194
174	208	543	606	1135	1195
175	209	544	607	1136	1196
176	210	545	608	1137	1197
177	211	546	609	1138	1198
178	212	547	610	1139	1199
179	213	548	611	1140	1200
67	166	362	570	1141	1201
68	167	363	571	1142	1202
69	168	364	572	1143	1203
70	169	365	573	1144	1204
71	170	366	574	1145	1205
72	171	367	575	1146	1206
73	172	368	576	1147	1207
74	173	369	577	1148	1208
75	174	370	578	1149	1209
76	175	371	579	1150	1210
77	176	372	580	1151	1211
78	177	373	581	1152	1212
79	178	374	582	1153	1213
80	179	375	583	1154	1214
81	180	376	584	1155	1215
82	121	377	585	1156	1216
83	122	378	586	1157	1217
84	123	379	587	1158	1218
85	124	380	588	1159	1219
86	125	381	589	1160	1220
87	126	382	590	1161	1221
88	127	383	591	1162	1222
89	128	384	592	1163	1223
90	129	385	593	1164	1224
91	130	386	594	1165	1225
92	131	387	595	1166	1226
93	132	388	596	1167	1227
94	133	389	597	1168	1228
95	134	390	598	1169	1229
96	135	391	599	1170	1230
97	136	392	600	1171	1231
98	137	393	541	1172	1232
99	138	394	542	1173	1233
100	139	395	543	1174	1234
101	140	396	544	1175	1235
102	141	397	545	1176	1236
103	142	398	546	1177	1237
104	143	399	547	1178	1238
105	144	400	548	1179	1239
106	145	401	549	1180	1240
107	146	402	550	1181	1241
108	147	403	551	1182	1242
109	148	404	552	1183	1243
110	149	405	553	1184	1244
111	150	406	554	1185	1245
112	151	407	555	1186	1246
113	152	408	556	1187	1247
114	153	409	557	1188	1248
115	154	410	558	1189	1249
116	155	411	559	1190	1250
117	156	412	560	1191	1251
118	157	413	561	1192	1252
119	158	414	562	1193	1253
120	159	415	563	1194	1254
61	160	416	564	1195	1255
62	161	417	565	1196	1256
63	162	418	566	1197	1257
64	163	419	567	1198	1258
65	164	420	568	1199	1259
66	165	361	569	1200	1260
8	292	316	447	692	1201	1261
9	293	317	448	693	1202	1262
10	294	318	449	694	1203	1263
11	295	319	450	695	1204	1264
12	296	320	451	696	1205	1265
13	297	321	452	697	1206	1266
14	298	322	453	698	1207	1267
15	299	323	454	699	1208	1268
16	300	324	455	700	1209	1269
17	241	325	456	701	1210	1270
18	242	326	457	702	1211	1271
19	243	327	458	703	1212	1272
20	244	328	459	704	1213	1273
21	245	329	460	705	1214	1274
22	246	330	461	706	1215	1275
23	247	331	462	707	1216	1276
24	248	332	463	708	1217	1277
25	249	333	464	709	1218	1278
26	250	334	465	710	1219	1279
27	251	335	466	711	1220	1280
28	252	336	467	712	1221	1281
29	253	337	468	713	1222	1282
30	254	338	469	714	1223	1283
31	255	339	470	715	1224	1284
32	256	340	471	716	1225	1285
33	257	341	472	717	1226	1286
34	258	342	473	718	1227	1287
35	259	343	474	719	1228	1288
36	260	344	475	720	1229	1289
37	261	345	476	661	1230	1290
38	262	346	477	662	1231	1291
39	263	347	478	663	1232	1292
40	264	348	479	664	1233	1293
41	265	349	480	665	1234	1294
42	266	350	421	666	1235	1295
43	267	351	422	667	1236	1296
44	268	352	423	668	1237	1297
45	269	353	424	669	1238	1298
46	270	354	425	670	1239	1299
47	271	355	426	671	1240	1300
48	272	356	427	672	1241	1301
49	273	357	428	673	1242	1302
50	274	358	429	674	1243	1303
51	275	359	430	675	1244	1304
52	276	360	431	676	1245	1305
53	277	301	432	677	1246	1306
54	278	302	433	678	1247	1307
55	279	303	434	679	1248	1308
56	280	304	435	680	1249	1309
57	281	305	436	681	1250	1310
58	282	306	437	682	1251	1311
59	283	307	438	683	1252	1312
60	284	308	439	684	1253	1313
1	285	309	440	685	1254	1314
2	286	310	441	686	1255	1315
3	287	311	442	687	1256	1316
4	288	312	443	688	1257	1317
5	289	313	444	689	1258	1318
6	290	314	445	690	1259	1319
7	291	315	446	691	1260	1320
359	457	644	706	1261	1321
360	458	645	707	1262	1322
301	459	646	708	1263	1323
302	460	647	709	1264	1324
303	461	648	710	1265	1325
304	462	649	711	1266	1326
305	463	650	712	1267	1327
306	464	651	713	1268	1328
307	465	652	714	1269	1329
308	466	653	715	1270	1330
309	467	654	716	1271	1331
310	468	655	717	1272	1332
311	469	656	718	1273	1333
312	470	657	719	1274	1334
313	471	658	720	1275	1335
314	472	659	661	1276	1336
315	473	660	662	1277	1337
316	474	601	663	1278	1338
317	475	602	664	1279	1339
318	476	603	665	1280	1340
319	477	604	666	1281	1341
320	478	605	667	1282	1342
321	479	606	668	1283	1343
322	480	607	669	1284	1344
323	421	608	670	1285	1345
324	422	609	671	1286	1346
325	423	610	672	1287	1347
326	424	611	673	1288	1348
327	425	612	674	1289	1349
328	426	613	675	1290	1350
329	427	614	676	1291	1351
330	428	615	677	1292	1352
331	429	616	678	1293	1353
332	430	617	679	1294	1354
333	431	618	680	1295	1355
334	432	619	681	1296	1356
335	433	620	682	1297	1357
336	434	621	683	1298	1358
337	435	622	684	1299	1359
338	436	623	685	1300	1360
339	437	624	686	1301	1361
340	438	625	687	1302	1362
341	439	626	688	1303	1363
342	440	627	689	1304	1364
343	441	628	690	1305	1365
344	442	629	691	1306	1366
345	443	630	692	1307	1367
346	444	631	693	1308	1368
347	445	632	694	1309	1369
348	446	633	695	1310	1370
349	447	634	696	1311	1371
350	448	635	697	1312	1372
351	449	636	698	1313	1373
352	450	637	699	1314	1374
353	451	638	700	1315	1375
354	452	639	701	1316	1376
355	453	640	702	1317	1377
356	454	641	703	1318	1378
357	455	642	704	1319	1379
358	456	643	705	1320	1380
125	221	505	571	1321	1381
126	222	506	572	1322	1382
127	223	507	573	1323	1383
128	224	508	574	1324	1384
129	225	509	575	1325	1385
130	226	510	576	1326	1386
131	227	511	577	1327	1387
132	228	512	578	1328	1388
133	229	513	579	1329	1389
134	230	514	580	1330	1390
135	231	515	581	1331	1391
136	232	516	582	1332	1392
137	233	517	583	1333	1393
138	234	518	584	1334	1394
139	235	519	585	1335	1395
140	236	520	586	1336	1396
141	237	521	587	1337	1397
142	238	522	588	1338	1398
143	239	523	589	1339	1399
144	240	524	590	1340	1400
145	181	525	591	1341	1401
146	182	526	592	1342	1402
147	183	527	593	1343	1403
148	184	528	594	1344	1404
149	185	529	595	1345	1405
150	186	530	596	1346	1406
151	187	531	597	1347	1407
152	188	532	598	1348	1408
153	189	533	599	1349	1409
154	190	534	600	1350	1410
155	191	535	541	1351	1411
156	192	536	542	1352	1412
157	193	537	543	1353	1413
158	194	538	544	1354	1414
159	195	539	545	1355	1415
160	196	540	546	1356	1416
161	197	481	547	1357	1417
162	198	482	548	1358	1418
163	199	483	549	1359	1419
164	200	484	550	1360	1420
165	201	485	551	1361	1421
166	202	486	552	1362	1422
167	203	487	553	1363	1423
168	204	488	554	1364	1424
169	205	489	555	1365	1425
170	206	490	556	1366	1426
171	207	491	557	1367	1427
172	208	492	558	1368	1428
173	209	493	559	1369	1429
174	210	494	560	1370	1430
175	211	495	561	1371	1431
176	212	496	562	1372	1432
177	213	497	563	1373	1433
178	214	498	564	1374	1434
179	215	499	565	1375	1435
180	216	500	566	1376	1436
121	217	501	567	1377	1437
122	218	502	568	1378	1438
123	219	503	569	1379	1439
124	220	504	570	1380	1440
27	342	446	677	725	1381
28	343	447	678	726	1382
29	344	448	679	727	1383
30	345	449	680	728	1384
31	346	450	681	729	1385
32	347	451	682	730	1386
33	348	452	683	731	1387
34	349	453	684	732	1388
35	350	454	685	733	1389
36	351	455	686	734	1390
37	352	456	687	735	1391
38	353	457	688	736	1392
39	354	458	689	737	1393
40	355	459	690	738	1394
41	356	460	691	739	1395
42	357	461	692	740	1396
43	358	462	693	741	1397
44	359	463	694	742	1398
45	360	464	695	743	1399
46	301	465	696	744	1400
47	302	466	697	745	1401
48	303	467	698	746	1402
49	304	468	699	747	1403
50	305	469	700	748	1404
51	306	470	701	749	1405
52	307	471	702	750	1406
53	308	472	703	751	1407
54	309	473	704	752	1408
55	310	474	705	753	1409
56	311	475	706	754	1410
57	312	476	707	755	1411
58	313	477	708	756	1412
59	314	478	709	757	1413
60	315	479	710	758	1414
1	316	480	711	759	1415
2	317	421	712	760	1416
3	318	422	713	761	1417
4	319	423	714	762	1418
5	320	424	715	763	1419
6	321	425	716	764	1420
7	322	426	717	765	1421
8	323	427	718	766	1422
9	324	428	719	767	1423
10	325	429	720	768	1424
11	326	430	661	769	1425
12	327	431	662	770	1426
13	328	432	663	771	1427
14	329	433	664	772	1428
15	330	434	665	773	1429
16	331	435	666	774	1430
17	332	436	667	775	1431
18	333	437	668	776	1432
19	334	438	669	777	1433
20	335	439	670	778	1434
21	336	440	671	779	1435
22	337	441	672	780	1436
23	338	442	673	721	1437
24	339	443	674	722	1438
25	340	444	675	723	1439
26	341	445	676	724	1440

